restart 15 257400 15.009837 8119.081026
restart 10 460600 27.199553 5249.075963
restart 12 1777900 102.983663 6484.930819
restart 15 4273100 247.348748 8361.274800
restart 14 5924900 343.020523 7882.313003
restart 12 6161600 356.587002 6732.385846
restart 14 6496100 375.635088 7909.465159
restart 5 7552400 436.423338 2753.478604
restart 11 7608600 439.890606 6236.776825
restart 4 7712600 445.624331 2183.904549
restart 9 9103100 526.125109 5159.862609
restart 9 9450100 546.121354 5178.196010
restart 4 9585100 553.576711 2292.001470
