restart 7 783500 46.453440 3585.654436
restart 10 1019000 59.948898 5364.280595
restart 10 1746000 102.858372 5407.732478
restart 3 3339300 196.387834 1377.474790
restart 3 3387900 199.531295 1382.001153
restart 7 3745000 220.360397 3756.769821
restart 15 4432400 260.922465 8510.243438
restart 10 4756700 280.247012 5591.790536
restart 3 4823600 284.073158 1465.714717
restart 9 5819800 342.016933 5056.963115
restart 3 6448100 379.401234 1561.138007
restart 5 6516300 383.789367 2746.384699
restart 7 6835700 402.721221 3947.154965
restart 10 7553800 449.841959 5821.729512
restart 5 7833700 461.081958 2821.838588
restart 9 8015000 474.403429 5220.183239
restart 9 8106100 477.701887 5202.950053
restart 3 8886200 522.441740 1702.927725
