restart 14 358500 21.189668 7692.483678
restart 5 997000 59.320252 2422.134765
restart 12 1529400 89.911751 6571.872129
restart 4 1752800 103.439515 1873.304761
restart 7 1951900 115.243848 3652.640083
restart 13 2041800 120.471767 7193.997684
restart 4 2152000 127.012637 1897.803793
restart 15 2290400 135.152153 8385.270943
restart 8 2843300 167.483715 4293.222958
restart 2 3201400 190.509587 786.154301
restart 7 3325000 195.667565 3733.960873
restart 6 5056500 297.768710 3249.470321
restart 13 5371600 316.149773 7387.452924
restart 4 5373100 317.101970 2092.168252
restart 7 5525200 324.967341 3861.705986
restart 16 5598700 332.395002 9258.712608
restart 3 5768100 340.463613 1525.611723
restart 6 6195300 365.028895 3317.498504
restart 7 6292300 370.200225 3906.862809
restart 12 6506400 383.404981 6880.541674
restart 7 6663400 393.366366 3943.045835
restart 15 7079300 416.618565 8676.235680
restart 13 7329500 431.876459 7520.797760
restart 2 8407500 498.935264 1091.762350
restart 5 8844600 521.484804 2885.768278
restart 15 8950400 527.911374 8800.520216
restart 13 8967200 527.117935 7598.132282
restart 2 9141600 537.675207 1129.106263
restart 3 9426200 559.743985 1751.572770
restart 9 9747200 572.892388 5289.216191
