restart 15 406700 24.080684 8299.814884
restart 11 2019000 117.443979 5948.103225
restart 1 2772000 161.798677 164.051923
restart 8 2913200 170.205380 4263.002615
restart 2 4122900 240.122637 825.239948
restart 5 4341700 253.818334 2596.227829
restart 15 7286300 423.849164 8585.896408
restart 9 7987400 469.066179 5173.525469
restart 10 8429600 490.304871 5740.327244
restart 13 9056200 526.749281 7523.214086
restart 15 9238600 537.208406 8698.837075
restart 6 9326300 547.808216 3491.929764
restart 2 9662000 564.641684 1152.226963
