restart 2 12000 1.184376 598.432372
restart 5 457400 27.226408 2402.612600
restart 2 506100 30.184495 625.834004
restart 10 720400 43.256250 5391.325916
restart 15 849700 50.460728 8384.232682
restart 3 983300 58.733316 1249.628219
restart 3 1045300 62.171882 1250.984137
restart 13 1582200 94.099149 7214.920806
restart 1 2612000 155.803204 158.048497
restart 7 2803900 166.322695 3728.424817
restart 12 3095100 183.771476 6722.356830
restart 1 3130100 187.103577 189.365509
restart 5 4081300 242.071177 2617.400698
restart 2 5590300 331.611451 927.387427
restart 6 5821700 345.030281 3313.936354
restart 5 5839900 345.645520 2721.211252
restart 16 5905900 350.273213 9264.750557
restart 8 6249600 370.513358 4532.825258
restart 7 7373600 436.825299 3999.176051
restart 1 8923600 531.041728 533.287021
restart 2 9415400 559.081187 1154.732343
