restart 8 406700 24.724176 4259.278717
restart 3 434000 26.621640 1241.906047
restart 2 1164300 70.471910 676.495773
restart 15 1215100 73.688473 8550.246194
restart 7 1231000 74.691248 3699.774300
restart 8 1425600 86.286874 4323.275212
restart 13 2010200 121.885652 7379.472011
restart 14 2268800 137.136739 8010.128854
restart 11 2410900 147.169741 6244.765240
restart 12 2840800 173.370014 6882.443659
restart 8 2880900 175.795204 4445.850797
restart 2 3079300 186.740816 794.143708
restart 16 3206800 195.655783 9362.835515
restart 1 3454000 208.407603 210.676601
restart 8 3522100 213.465222 4458.995559
restart 10 3826200 231.753549 5690.592749
restart 2 3950900 239.217933 847.086456
restart 15 4655500 283.404463 8819.614785
restart 1 4760500 287.309492 289.568063
restart 3 5030300 303.537193 1513.139866
restart 9 5061300 305.349755 5137.037937
restart 7 5465200 329.463253 3954.159627
restart 15 5709500 347.178350 8883.039910
restart 11 5881100 356.198333 6420.263073
restart 9 5984200 364.384935 5255.924543
restart 4 6272800 380.090252 2199.783122
restart 8 6439500 388.612787 4625.601125
restart 4 6719800 405.952669 2225.160403
restart 5 7055100 425.806522 2846.310922
restart 6 7071600 426.469261 3456.687103
restart 15 7164900 436.977923 8993.262800
restart 12 7490000 453.134513 7125.103197
restart 9 7495800 451.769714 5284.244393
restart 1 8086200 487.972684 490.220308
restart 10 8107000 488.441178 5923.806386
restart 1 8374300 506.883913 509.128667
restart 15 8555300 520.524928 9056.386489
restart 5 8899000 536.302596 2954.398849
restart 3 8946400 540.627466 1754.092136
restart 11 9014800 543.650336 6586.573786
restart 6 9526400 573.979870 3594.823301
restart 8 9555100 575.899115 4804.836873
