restart 3 227400 13.468386 1190.391192
restart 13 572000 33.964883 7080.539117
restart 16 2163800 127.281806 8949.075860
restart 13 2233700 131.165942 7179.596473
restart 7 2487900 145.804738 3670.936271
restart 13 2769800 162.458150 7214.824557
restart 7 3109500 182.126902 3707.014761
restart 14 3113300 182.689703 7818.236138
restart 2 3169400 185.635713 774.992544
restart 12 3454800 202.603012 6663.107119
restart 10 3623000 212.870289 5506.922217
restart 10 3789300 222.252481 5516.304409
restart 9 4384600 257.077328 4955.458155
restart 9 4678600 275.324030 4993.373302
restart 8 5014400 295.477982 4423.695742
restart 14 5136300 302.023797 7938.125145
restart 10 5499100 322.014127 5606.271026
restart 15 5518200 323.460414 8549.955885
restart 4 5782000 338.993415 2101.923068
restart 2 6350300 373.151095 963.702803
restart 3 6390000 376.604620 1560.603556
restart 7 6917900 405.195510 3929.199779
restart 13 7467000 439.263612 7514.927652
restart 6 8168800 478.411415 3415.757607
restart 6 8727300 513.338572 3462.853729
restart 8 9020500 528.763742 4642.271715
restart 2 9704700 574.305232 1169.402536
restart 5 9823000 575.642489 2926.004409
