restart 14 751000 43.546551 7513.632117
restart 5 939400 53.796966 2351.371088
restart 13 1018500 58.424846 6947.333046
restart 6 1028300 58.823148 2928.571561
restart 3 1040000 59.467554 1208.171373
restart 7 2402500 139.035450 3611.976740
restart 2 3099000 177.027699 752.002934
restart 14 3624400 207.473732 7661.436093
restart 13 4004500 229.303159 7110.068056
restart 9 5689000 324.938085 4912.156152
restart 3 6006900 343.181309 1490.323020
restart 11 6554700 374.578703 6101.082799
restart 9 6587500 376.621145 4962.271078
restart 3 7356700 424.433720 1582.581697
restart 3 7977500 455.689597 1602.965806
restart 13 8093700 463.643549 7350.876789
restart 5 9236000 529.208384 2825.556502
restart 10 9236600 527.644240 5681.807850
restart 12 9478500 541.910584 6849.607507
restart 8 9620500 550.802980 4567.718904
