restart 7 342900 19.925053 3446.336796
restart 1 638500 36.417129 38.665156
restart 1 810300 46.658871 48.905674
restart 2 1234300 70.549317 643.228695
restart 7 1316500 75.124399 3500.608755
restart 8 1322500 75.795468 4076.540914
restart 8 1711000 98.071151 4099.952898
restart 16 1889400 107.537810 8672.118473
restart 3 3067800 176.336316 1328.655192
restart 10 4161700 237.640308 5382.841624
restart 9 4241100 241.810601 4810.166129
restart 4 4917000 281.113811 2001.425375
restart 5 6208900 353.331169 2637.143189
restart 5 8302500 482.416976 2812.195551
restart 1 8671100 493.818363 496.071585
restart 1 8686300 494.469084 496.721369
restart 9 9529100 542.268349 5110.125900
