restart 9 111500 7.281590 4873.688628
restart 1 230200 14.566817 16.827123
restart 2 1420000 86.705202 700.839006
restart 9 1424500 86.752974 4953.124787
restart 15 1536400 93.413056 8607.361175
restart 5 1684500 103.180920 2553.254934
restart 1 1970400 120.154873 122.398600
restart 14 2727000 165.680239 8075.981209
restart 12 3319800 202.126446 6918.768252
restart 6 3965300 241.374885 3290.373601
restart 14 3990800 242.822525 8153.977445
restart 3 4560400 277.938852 1500.031622
restart 14 6236600 378.587246 8286.507463
restart 15 7387000 448.255752 8962.875942
restart 3 7951500 483.602115 1703.932171
restart 14 8031100 487.723133 8394.619134
restart 4 8298600 504.044671 2332.270005
restart 5 8381300 508.918495 2943.077928
restart 14 9108700 552.970821 8464.125741
restart 10 9332700 569.145589 6051.547308
