restart 3 354000 21.181159 1202.706137
restart 9 905800 53.577688 4776.918931
restart 14 2186300 128.927277 7803.092833
restart 1 2233300 131.898313 134.144577
restart 14 2276500 134.920334 7846.158975
restart 1 2384800 141.164686 143.412888
restart 11 5117200 301.426511 6201.776696
restart 4 5279300 310.470422 2080.959327
restart 2 5583200 329.246393 922.194642
restart 11 5617200 330.475958 6228.036896
restart 14 6386100 375.680167 8039.230587
restart 14 7907800 469.640893 8207.747516
restart 6 8720900 515.169310 3475.182082
restart 15 9129800 537.682925 8798.609299
