restart 3 234400 14.205258 1202.850851
restart 14 1441700 85.809975 7800.070990
restart 6 1442800 85.804606 3053.916979
restart 14 1906300 113.416533 7856.066029
restart 6 2179000 129.377821 3105.764723
restart 4 3156600 187.304628 1972.287765
restart 8 3256600 192.986253 4359.254230
restart 12 3593000 213.051106 6740.930929
restart 7 4261300 252.693362 3815.163886
restart 8 4773400 282.869055 4437.417713
restart 13 5365600 319.424044 7476.759325
restart 5 5390600 320.174905 2699.855116
restart 2 5784400 346.202142 947.557928
restart 3 6809100 403.029646 1591.763836
restart 4 9193900 545.219681 2330.202817
restart 9 9981400 591.211629 5339.287994
