restart 2 473800 27.308254 599.985882
restart 9 495800 28.726058 4638.712377
restart 12 675600 39.055594 6376.424135
restart 9 2916000 167.774135 4777.769228
restart 2 3053700 174.084906 746.658872
restart 2 3434000 197.641933 775.718513
restart 11 4081500 233.270091 5952.993514
restart 2 6011300 345.864446 923.592770
restart 6 6252400 356.421320 3213.084053
restart 5 6478600 372.319971 2678.339261
restart 4 6666400 380.648527 2099.079049
restart 14 6809000 387.450657 7804.403800
restart 9 9003700 512.817515 5079.237739
restart 5 9378300 535.089934 2825.438862
restart 6 9605000 548.723793 3413.146149
