restart 13 310400 18.537710 6989.484327
restart 6 742500 43.479295 2958.920462
restart 13 1116000 64.879793 7035.659950
restart 14 1593300 92.773177 7651.626947
restart 3 1668800 96.785316 1261.187585
restart 12 1975300 114.688903 6506.214812
restart 14 2186300 127.236883 7698.775082
restart 4 2209200 129.232420 1885.111903
restart 2 2241900 130.468651 714.254275
restart 1 2345800 136.232675 138.480284
restart 7 2543400 147.806500 3644.414148
restart 10 3719300 215.502875 5444.272297
restart 11 4370700 253.719730 6063.109128
restart 14 5043800 292.723840 7856.767758
restart 11 5420700 320.787636 6245.166807
restart 11 5493800 318.585819 6127.640710
restart 9 5538300 322.985501 4998.800775
restart 7 5558800 323.186483 3813.819307
restart 5 5766800 337.464911 2679.614052
restart 13 5899100 345.735704 7399.724481
restart 8 6033000 350.467455 4425.445617
restart 7 6432800 373.056699 3859.651912
restart 9 6647300 386.721299 5053.938150
restart 9 6658900 393.466702 5133.392497
restart 5 6738500 392.088660 2727.055100
restart 14 7234100 424.345746 8065.786183
restart 5 8553200 496.378564 2823.982127
restart 8 9287500 538.138899 4605.234067
restart 10 9718900 563.797030 5798.363867
restart 11 9957600 576.971569 6386.360966
