restart 14 320500 18.979483 7521.742451
restart 13 867700 50.053627 6974.447577
restart 9 1015800 58.837118 4686.870141
restart 10 1615600 93.576764 5306.164545
restart 1 2054800 119.216159 121.458643
restart 4 2119100 122.533832 1863.066811
restart 5 2402400 140.069191 2473.365070
restart 12 2699800 155.348105 6502.139734
restart 6 2749500 158.161314 3048.533300
restart 2 2848400 163.926096 742.771857
restart 11 2960600 171.280582 5946.486287
restart 10 2986600 171.987741 5366.687770
restart 11 3010900 173.700261 5941.961896
restart 3 3043300 175.451279 1331.543764
restart 7 4346200 251.431868 3730.296145
restart 14 4518000 260.089217 7761.171940
restart 9 4664300 269.924108 4907.714968
restart 4 5113100 297.397063 2046.681941
restart 8 5228700 301.081611 4342.947833
restart 6 5351500 308.277674 3194.362661
restart 8 5463200 314.655501 4353.308548
restart 12 5645800 328.194639 6735.201542
restart 3 5849200 337.031986 1494.692336
restart 15 6078900 349.679350 8424.142753
restart 12 7429700 427.344184 6772.004223
restart 12 7808900 450.501779 6803.925232
restart 7 8084600 469.917853 3965.537886
restart 8 8236400 473.969103 4519.307210
restart 13 9300000 534.946165 7459.532291
restart 13 9924600 582.564173 7641.810692
