restart 14 1041300 62.791632 7857.669723
restart 8 1230300 74.158363 4272.701714
restart 5 1497300 89.969588 2495.837601
restart 8 3332600 200.781092 4411.765449
restart 3 4050300 243.217872 1446.591217
restart 3 4973500 297.803273 1498.930248
restart 11 5544200 333.029470 6340.259640
restart 2 6124800 367.060536 969.608372
restart 11 6424200 384.522940 6381.295529
restart 15 6646600 397.686565 8795.182136
restart 14 6718400 403.299207 8224.561467
restart 9 8555900 511.966774 5310.392781
restart 16 9503200 569.474165 9574.791938
restart 2 9990900 598.150321 1202.951347
