restart 4 995700 55.853386 1737.953079
restart 3 1420700 81.431137 1224.022315
restart 6 2501400 140.193278 2942.729977
restart 15 3527000 197.445161 8051.577684
restart 13 4160100 233.231970 6963.863846
restart 12 4718500 263.636288 6425.156223
restart 14 4822400 272.450114 7625.462701
restart 4 4968400 277.654728 1959.975041
restart 6 5319400 298.270794 3103.291216
restart 15 5431400 303.826177 8146.644159
restart 4 6468100 361.376766 2043.488390
restart 10 8364100 467.500037 5512.587937
restart 4 9119000 509.355580 2191.414150
