restart 7 138500 7.978242 3437.259281
restart 10 201400 12.034764 5196.629449
restart 15 717800 40.964919 8028.191458
restart 1 2539500 145.798603 148.044552
restart 13 3148300 179.208245 7025.579852
restart 15 3248700 187.029231 8265.001604
restart 13 3619500 206.028332 7054.926871
restart 2 4032400 229.836954 802.418764
restart 3 4040400 231.134769 1377.880806
restart 11 4560200 265.148956 6083.329741
restart 2 4744000 271.420505 846.648376
restart 7 8763700 498.950436 3923.326804
restart 1 9540700 543.692542 545.942524
restart 11 9632700 548.493962 6254.303388
restart 6 9825400 559.259496 3413.327275
restart 5 9959500 572.241778 2877.335841
