restart 4 133500 7.885461 1704.157630
restart 12 313100 18.007066 6225.803988
restart 8 1026100 58.009785 4013.054015
restart 9 1913700 109.054144 4638.752788
restart 16 1974100 111.665877 8592.515531
restart 8 2831900 160.102140 4119.503944
restart 7 4520500 254.899054 3641.833268
restart 7 4617300 259.964895 3646.911025
restart 14 4638500 261.572518 7612.032465
restart 3 5271700 300.045970 1440.889681
restart 7 5855300 330.440495 3725.333194
restart 13 6161200 347.280344 7119.338757
restart 16 6344700 357.688448 8835.772641
restart 14 6761800 380.957546 7717.078037
restart 10 7157100 406.815573 5506.092171
restart 4 7265500 417.415513 2146.124452
restart 4 7541800 425.840716 2124.502335
restart 7 8146100 459.452603 3852.248729
restart 8 8959800 505.456525 4465.456782
restart 13 9226200 519.384296 7291.382685
restart 10 9541300 539.091082 5633.486473
