restart 11 368700 21.403129 5832.161439
restart 9 370100 22.010277 4670.035682
restart 11 386500 22.540881 5818.453544
restart 9 466800 27.152657 4678.043895
restart 13 587100 34.053513 6988.128549
restart 9 1694100 98.128244 4729.534718
restart 15 2539900 147.077200 8274.151537
restart 6 4041400 233.797902 3137.643187
restart 2 4090400 236.685991 818.206786
restart 1 4943400 286.536415 288.784392
restart 15 5244800 303.344336 8413.977637
restart 8 5427200 314.407890 4374.739337
restart 12 6323800 365.400822 6733.056554
restart 14 6340600 366.518979 7890.703970
restart 5 6366500 369.403142 2696.886254
restart 1 8801800 510.086899 512.329534
