restart 8 42500 2.987141 4198.168083
restart 16 99600 5.967919 8986.987657
restart 7 830400 50.079629 3638.037982
restart 4 905300 54.270605 1850.178840
restart 7 1437800 85.851040 3673.658271
restart 9 1588800 94.798927 4878.169114
restart 16 1928700 115.117388 9084.848645
restart 9 2029700 121.291529 4914.669051
restart 6 2689600 161.056336 3163.924217
restart 11 3279100 195.549455 6173.966828
restart 5 7620900 456.803840 2859.560352
restart 5 7696200 460.042805 2858.027039
restart 12 8375900 500.635410 7090.395765
restart 10 8505700 507.420485 5888.617029
restart 11 8876200 531.659924 6535.607195
restart 7 8946600 538.810326 4133.796460
