restart 5 163400 9.886148 2343.530596
restart 16 240800 14.543712 8762.886547
restart 2 244200 14.564194 600.990189
restart 9 1517200 88.573902 4765.164985
restart 16 2487300 144.787811 8891.382753
restart 4 2491500 145.359560 1898.907827
restart 10 3206900 186.631706 5446.399692
restart 12 4087200 238.510601 6671.537131
restart 14 4598400 267.473355 7847.268293
restart 7 4816100 283.142137 3839.936884
restart 9 4915900 286.099986 4951.704587
restart 11 4950000 287.938461 6118.882102
restart 13 5491100 319.804722 7316.726691
restart 12 5608000 326.175718 6739.712665
restart 15 5784300 336.666984 8499.346913
restart 3 6715900 391.676581 1562.690972
restart 1 7134600 416.924553 419.177635
restart 9 7626500 443.649130 5110.289134
restart 12 7824000 456.238039 6882.306980
restart 16 8912400 519.001302 9266.401611
restart 12 9004700 523.913673 6938.219544
restart 4 9029700 526.211121 2281.462846
restart 11 9369700 545.530757 6385.199981
restart 2 9534300 554.710424 1139.824072
restart 9 9963300 579.712101 5244.884337
