restart 2 337400 19.673531 601.839511
restart 9 474500 27.510011 4625.848844
restart 4 655500 37.953720 1769.769671
restart 11 1608100 93.165878 5888.321580
restart 4 1992900 114.611816 1840.313507
restart 12 3219700 184.533560 6506.485870
restart 6 3920400 227.727539 3134.428495
restart 13 4080900 238.995065 7268.529578
restart 2 4679600 268.203968 844.973137
restart 3 5074500 291.418156 1443.886090
restart 4 6346900 363.908969 2089.700463
restart 2 6810700 390.843637 967.618283
restart 7 7222000 418.441945 3901.614703
restart 11 8041600 461.330921 6208.475825
restart 15 9267900 536.431782 8659.644380
restart 5 9585600 549.573865 2849.882657
restart 9 9830800 575.156214 5264.736183
