restart 7 1086900 64.507659 3628.035134
restart 11 2342900 139.080481 6078.788755
restart 12 3037600 180.063001 6713.883740
restart 14 3189300 188.800805 7903.366850
restart 6 4949300 292.934955 3261.241565
restart 15 5921200 351.527701 8673.999586
restart 4 6075700 360.395819 2145.852120
restart 14 7569800 448.035817 8169.573819
restart 2 7693700 456.570789 1053.098036
restart 9 7792000 461.610528 5214.875248
restart 14 8240000 489.293735 8209.985258
restart 1 9410600 557.482111 559.725383
restart 7 9912200 587.074309 4148.657371
