restart 9 981300 57.349699 4705.156045
restart 5 2124200 124.164487 2463.865606
restart 11 2130400 125.500904 6021.279855
restart 14 2671900 155.251486 7708.198449
restart 11 2826600 165.599930 6033.930450
restart 13 3021800 175.544722 7147.078731
restart 12 3095900 180.436553 6601.568854
restart 10 3500400 203.340071 5432.250012
restart 10 5154800 299.038448 5530.100522
restart 15 5244200 304.138645 8437.252946
restart 9 5511300 322.967859 5019.323350
restart 4 5894100 342.238878 2088.658781
restart 10 6284500 367.973850 5644.896064
restart 2 6300900 365.915743 949.630254
restart 1 6525500 378.267708 380.509030
restart 7 6699600 388.627799 3879.378179
restart 2 6909600 400.706305 984.420816
restart 14 7065100 410.517369 7981.329479
restart 5 7447400 431.567070 2759.982577
restart 10 7559800 440.067877 5694.089380
restart 5 7743400 449.516308 2778.442949
restart 11 7808100 452.521109 6263.203724
restart 3 8312500 482.025943 1645.834680
restart 7 8893900 516.070494 4005.463013
restart 16 9173200 531.806704 9249.972445
restart 15 9275900 537.537136 8669.353181
restart 2 9383500 543.975060 1126.968560
