restart 14 512100 30.387617 7650.064042
restart 4 705700 40.789984 1766.939750
restart 1 987000 56.956356 59.202154
restart 6 1144800 66.225730 2952.312941
restart 12 1308000 75.822372 6459.715120
restart 8 3117100 178.794354 4202.446944
restart 9 4153000 239.241138 4853.482940
restart 9 4522700 259.620572 4858.037461
restart 1 7330000 420.408426 422.655093
restart 4 7460800 429.385304 2158.493764
restart 13 7534900 432.103401 7328.647495
restart 5 8048000 461.943395 2764.736100
restart 6 8498700 487.326146 3363.242211
restart 8 8527600 488.852921 4512.760432
restart 10 8760400 507.718900 5731.679525
restart 8 9397500 539.040059 4565.101471
