restart 16 557000 33.154619 8937.683266
restart 8 903100 54.949988 4294.090119
restart 6 1149800 68.090220 3037.901406
restart 15 1681500 100.198793 8418.664961
restart 12 3361000 199.526218 6729.838531
restart 7 3770200 224.388817 3796.737969
restart 7 4174300 249.932281 3848.297121
restart 5 4465300 264.674779 2641.119910
restart 12 4600100 278.391350 6939.014509
restart 2 5667200 339.685699 942.040591
restart 10 9123100 540.525807 5883.842815
restart 5 9470800 561.393246 2938.206839
restart 5 9815300 581.376124 2957.447252
restart 9 9979000 592.909231 5357.596496
