restart 3 38700 2.319975 1171.389797
restart 8 103300 6.349826 4059.118880
restart 13 421900 24.864420 6982.251208
restart 16 974400 56.569965 8738.486495
restart 1 1176800 68.140682 70.396333
restart 3 1636300 94.833987 1256.938149
restart 10 3053400 176.909138 5395.614359
restart 13 3106600 179.517738 7125.598486
restart 1 3238900 187.234160 189.481245
restart 5 3634800 210.835876 2536.000982
restart 5 4205600 245.451701 2585.454640
restart 13 4540100 262.660246 7209.322077
restart 12 5363500 310.020464 6678.049752
restart 11 5474900 316.723780 6114.506821
restart 2 5957200 347.557212 932.160299
restart 10 6665600 385.024717 5595.387188
restart 7 6808500 393.338911 3870.534157
restart 10 6860400 396.554956 5606.731584
restart 9 7014200 405.257844 5037.321578
restart 12 7297100 421.653727 6790.823344
restart 4 7840300 453.159725 2191.456383
restart 3 7933600 459.102486 1621.206649
restart 10 8302200 480.165602 5692.211093
restart 11 8530400 492.936227 6281.523685
restart 1 9270300 535.739602 537.984059
