restart 2 38600 2.285594 577.069559
restart 14 88600 5.140859 7448.625466
restart 3 1055600 61.731568 1231.580811
restart 4 1219900 69.667571 1789.379452
restart 10 2230600 128.490157 5305.027005
restart 2 2351100 135.038277 712.035775
restart 12 2980500 170.747739 6471.910885
restart 15 3876200 221.972665 8252.791378
restart 8 5686000 326.036187 4349.501513
restart 2 5833900 333.656474 908.863388
restart 5 6430300 367.748731 2659.863980
restart 6 7597200 442.830994 3364.563834
restart 12 8594500 492.062807 6803.410379
restart 14 9528300 544.143120 7987.954707
