restart 16 63400 4.024494 8656.469489
restart 14 560300 33.071613 7598.011126
restart 4 978700 56.302039 1786.298245
restart 6 1067700 62.089030 2972.817440
restart 6 2209900 125.734097 2984.967152
restart 11 2420700 139.607328 5901.144725
restart 3 3101400 177.244128 1322.054561
restart 13 3292100 188.672659 7093.232253
restart 4 4027400 233.783598 1979.255542
restart 1 4032100 229.854344 232.096890
restart 3 4153600 239.022652 1393.102776
restart 16 5113500 294.182161 8920.862291
restart 8 5304100 305.084191 4338.667574
restart 14 6252400 359.619623 7848.222072
restart 15 6729200 386.673344 8452.131437
restart 1 7627700 436.475362 438.719887
restart 2 7937000 452.214372 1025.596694
restart 12 8025800 456.836327 6743.938696
restart 7 9118100 520.202390 3947.276525
restart 5 9368800 543.712353 2872.744190
