restart 15 369800 21.129401 8037.997628
restart 10 1912300 109.629670 5263.435482
restart 11 1987600 113.924888 5853.891026
restart 12 3095100 178.752362 6532.969916
restart 5 3188700 182.155847 2474.155270
restart 6 3340800 193.163171 3084.242611
restart 8 3901200 224.026108 4247.130712
restart 14 4067000 233.127540 7699.527944
restart 3 4606800 263.216782 1410.267740
restart 15 4698400 269.395048 8315.542782
restart 13 4857600 278.576553 7175.455934
restart 1 4978800 284.843172 287.105439
restart 2 5135400 293.528873 868.684634
restart 15 5510200 321.482910 8497.192171
restart 3 6610900 381.724575 1538.588864
restart 6 8394000 484.393560 3376.936426
restart 4 8537800 488.451421 2211.195575
restart 1 9242000 528.196510 530.463922
restart 9 9677800 552.736757 5134.548056
