restart 16 1346800 82.437538 9265.676009
restart 2 1500700 92.203297 706.502312
restart 16 2254700 139.324687 9409.152542
restart 15 3306400 202.114846 8776.780452
restart 8 3335400 204.057169 4493.441501
restart 6 4040100 248.024924 3319.255990
restart 5 4594000 281.293715 2735.641662
restart 13 6490100 396.907004 7743.772703
restart 4 7127900 435.428085 2280.287345
restart 7 7655400 467.725910 4143.546518
restart 11 8071700 493.383326 6616.345863
restart 3 8591500 525.168654 1751.572424
restart 13 8835400 540.037050 7890.371718
restart 10 9049400 552.626051 6063.512473
restart 3 9187300 561.434053 1788.409042
restart 9 9758200 597.517752 5508.103743
restart 3 9904200 605.149469 1831.535457
