restart 7 39200 2.290860 3445.890645
restart 4 506900 29.123224 1748.665587
restart 13 1351400 77.762729 6958.977194
restart 2 1888900 107.922457 682.648692
restart 1 2245400 130.592394 132.839945
restart 3 2741700 157.029751 1304.165451
restart 4 3741100 214.350154 1934.682076
restart 14 3976500 227.436442 7676.715118
restart 15 4151600 237.539011 8260.618732
restart 13 4456700 256.328252 7171.177551
restart 9 4644700 265.510703 4847.222268
restart 1 5497400 314.810625 317.071929
restart 1 5801700 331.783078 334.031320
restart 13 6329800 361.446887 7233.144113
restart 2 8356500 478.279631 1054.207867
restart 1 9110800 522.338419 524.582487
