restart 2 698700 40.718233 626.235791
restart 3 1619700 93.847443 1257.595661
restart 15 1861700 108.679747 8268.358670
restart 13 4918900 285.303841 7264.212504
restart 15 4941200 292.453107 8585.956477
restart 8 5363800 314.157559 4421.370335
restart 9 6553900 381.120891 5039.867518
restart 6 6671300 394.663438 3357.983426
restart 10 7346300 425.746409 5654.058941
restart 8 7347500 425.781738 4493.112594
restart 12 8046300 466.358363 6856.750774
restart 5 8205300 475.611309 2800.849394
restart 13 9248500 535.846673 7506.731331
restart 8 9427100 551.982037 4660.282503
