restart 9 39600 2.327587 4667.897729
restart 7 910600 53.584520 3558.950241
restart 5 926900 54.135148 2391.206413
restart 1 1007700 58.723437 60.967229
restart 6 1613400 94.187775 3010.571836
restart 11 1697800 98.982244 5932.994370
restart 11 1824000 106.651838 5951.738034
restart 10 2568300 150.003288 5419.042214
restart 14 2624400 152.924122 7734.342947
restart 14 4165500 242.531922 7825.921600
restart 12 4366600 254.225850 6671.003191
restart 12 4611600 269.024463 6693.046459
restart 1 5002600 292.753682 295.020490
restart 14 5631300 328.359156 7916.245504
restart 9 6017000 350.004386 5014.861402
restart 10 6228300 363.137538 5624.557112
restart 9 6525700 381.563859 5069.360761
restart 5 6631800 386.404581 2722.806437
restart 2 6703000 393.940778 979.571072
restart 11 6967500 405.226195 6235.694547
restart 15 7389800 429.690164 8592.155968
restart 3 7750800 452.001295 1622.098898
restart 15 8031700 467.484803 8631.785698
restart 14 8871900 517.145411 8108.715702
restart 12 9036800 525.625188 6939.351444
restart 11 9844700 573.075999 6418.663074
