restart 9 779800 45.788825 4755.980977
restart 15 1032000 60.543169 8302.715511
restart 12 3398500 198.268560 6626.605833
restart 12 4213700 245.758657 6671.461296
restart 2 4365500 254.619036 840.950925
restart 13 4680400 272.717125 7283.740986
restart 4 5398700 313.964463 2064.731927
restart 4 6124200 356.641603 2108.495925
restart 8 6252800 365.145644 4460.395970
restart 8 6499200 379.782617 4470.850309
restart 12 6653800 391.058139 6872.612904
restart 3 6904100 401.782078 1569.789814
restart 12 7874600 458.186160 6871.841514
restart 9 8503600 494.861460 5160.027401
restart 6 9527900 565.097495 3539.258084
restart 8 9948500 584.218604 4706.331185
