restart 1 1104400 65.719240 67.986547
restart 5 1649300 99.227805 2516.228487
restart 14 1773100 105.617968 7837.367415
restart 15 2274600 135.139885 8454.787289
restart 10 2538600 150.371216 5493.653707
restart 13 4557200 270.751439 7416.107999
restart 13 4609200 275.599439 7468.736596
restart 10 5562300 330.010633 5702.741964
restart 5 5564800 329.737236 2705.607548
restart 11 6610600 392.321750 6334.675159
restart 4 7187900 427.471350 2211.343360
restart 5 8441900 500.193882 2875.942194
restart 3 8610400 510.516181 1699.994572
restart 9 9225300 547.508304 5306.514422
restart 7 9613900 570.909700 4143.164809
restart 8 9829400 593.473056 4832.438449
