restart 16 195800 11.558969 8704.296463
restart 8 206800 12.176283 4079.919702
restart 8 1189700 69.373337 4162.611953
restart 13 1327100 77.121684 7053.296419
restart 5 1984700 115.010840 2434.603326
restart 1 2093600 121.494795 123.766180
restart 7 2152000 125.908673 3633.634449
restart 14 2434600 141.001350 7674.965079
restart 14 2958100 171.049665 7706.514164
restart 3 2976400 172.010738 1331.592006
restart 5 3168400 183.305471 2504.144490
restart 2 3550100 205.578664 791.772427
restart 9 3551100 205.815340 4845.150614
restart 15 3785900 219.730866 8358.269347
restart 12 4210700 243.573190 6611.245593
restart 16 4676400 270.287506 8971.466053
restart 5 5171300 299.012036 2615.916598
restart 11 6911100 399.448982 6188.160492
restart 3 7003600 404.658938 1564.313017
restart 13 7014500 413.327448 7497.788478
restart 13 7261100 420.023479 7372.691353
restart 3 7302100 421.976792 1581.630871
restart 13 7326700 423.101528 7369.076815
restart 8 7662800 443.104535 4505.177317
restart 3 8614300 502.562249 1673.700404
restart 1 8789200 508.678075 510.923271
restart 2 9051500 522.929904 1103.804803
restart 10 9299100 536.821005 5746.858512
restart 2 9423500 555.026815 1145.527325
restart 5 9977100 576.062002 2892.900046
