restart 5 359500 21.410334 2408.679836
restart 4 362300 21.973549 1810.019340
restart 3 608000 36.230398 1229.277807
restart 8 1197300 71.304125 4243.243044
restart 5 3516500 209.327279 2595.680838
restart 12 3735100 222.402572 6783.427471
restart 6 3772400 224.668974 3205.796489
restart 6 4934200 293.806461 3277.004426
restart 5 5341800 317.703775 2701.001102
restart 7 5700400 342.430139 3951.192494
restart 13 5714600 339.719135 7491.410251
restart 13 5877200 349.217527 7495.310778
restart 8 6045200 359.318743 4530.760044
restart 7 6162600 366.446989 3941.523660
restart 9 8095800 481.057317 5245.900833
