restart 3 38200 2.309328 1161.874452
restart 16 303500 17.902877 8703.092509
restart 4 715800 41.562410 1779.722407
restart 5 1198200 70.632764 2432.572796
restart 7 1849300 108.809387 3648.281529
restart 8 1912400 110.904908 4165.693039
restart 10 2502700 144.874926 5354.619050
restart 13 5140500 298.518670 7270.124820
restart 3 5499900 317.449603 1476.905252
restart 10 5889100 340.000684 5550.169271
restart 12 9419000 543.725654 6910.867061
restart 3 9646700 557.337466 1717.561260
restart 3 9922100 573.176111 1732.727401
