restart 11 306500 18.537948 6016.639766
restart 15 542700 32.807472 8425.173018
restart 7 1008700 60.508903 3666.297174
restart 3 2735600 163.898429 1365.798774
restart 9 3680700 220.006386 5003.427612
restart 12 3761500 229.238665 6931.312659
restart 10 4424500 266.730220 5700.578345
restart 13 5850800 350.182646 7542.464322
restart 4 6742200 406.413469 2218.525567
restart 16 6807100 410.028761 9464.978632
restart 11 7007300 422.094340 6459.225282
restart 10 8336600 502.174173 5923.065751
restart 15 8667400 519.421228 8929.566445
restart 9 8982700 537.044229 5330.199584
restart 8 9726400 580.709815 4771.322481
