restart 15 432800 25.549071 8181.372990
restart 13 2288500 131.709241 7053.544189
restart 5 2582200 149.091733 2459.588214
restart 12 2709300 155.923978 6503.278195
restart 5 2741100 158.174658 2466.718374
restart 1 2981100 172.354572 174.602008
restart 1 2988000 171.983263 174.232037
restart 9 3471900 200.157861 4818.336140
restart 1 3482100 202.922412 205.197507
restart 11 4717600 271.528025 6043.271641
restart 6 4833800 278.635419 3165.462766
restart 2 4991300 287.581913 866.449014
restart 4 5340200 307.754488 2040.104906
restart 15 6829300 392.873530 8467.391590
restart 16 8479600 488.705282 9157.103005
restart 1 9303100 536.015607 538.269894
