restart 12 371600 22.085177 6459.370220
restart 4 1569100 91.002310 1836.664303
restart 14 3199600 185.602151 7747.307921
restart 14 3279100 193.783169 7863.709692
restart 6 5333000 309.337253 3215.092244
restart 13 5743600 333.235032 7306.973255
restart 8 6497700 376.563665 4444.094235
restart 11 6994100 406.511009 6230.801473
restart 6 7038000 407.840058 3313.848248
restart 13 7396400 429.185865 7407.364025
restart 9 8315100 483.124986 5140.611542
restart 9 8354100 484.936257 5139.852833
restart 8 8672400 507.880932 4636.062393
restart 3 9214300 535.883323 1703.679379
restart 14 9945500 576.626489 8131.339046
restart 15 9974300 578.182321 8711.173974
