restart 7 197900 11.545077 3485.815290
restart 2 1516300 88.010066 670.843528
restart 10 2060000 119.001397 5333.530723
restart 8 2221800 128.729315 4181.664271
restart 8 2519800 145.457181 4199.276459
restart 7 2713200 157.396998 3640.000531
restart 7 3918800 226.453796 3703.707820
restart 16 5376000 310.966928 9005.419252
restart 5 5770200 334.633662 2658.515761
restart 8 7137300 412.154343 4465.212130
restart 6 7393700 428.189095 3330.700458
restart 10 7818900 451.404190 5661.636050
restart 15 8093700 468.118960 8583.193323
restart 16 9785500 565.125236 9247.426994
