restart 10 57100 3.537103 5320.591438
restart 9 64800 4.151697 4776.925102
restart 10 124300 7.671926 5336.165362
restart 4 147600 8.822532 1779.514125
restart 4 150000 8.815214 1778.286040
restart 11 369700 21.743357 5925.320908
restart 7 2687800 158.077946 3705.432205
restart 1 2701500 159.251261 161.493610
restart 3 2712700 159.837284 1340.247055
restart 2 3771200 226.482366 828.456602
restart 2 3935500 231.534575 822.891410
restart 12 4016300 238.634896 6785.790076
restart 12 4086700 240.348291 6732.978934
restart 15 4349700 255.681866 8505.875538
restart 6 4389200 258.019726 3206.048012
restart 2 4732400 278.539269 869.827249
restart 11 4849900 285.003471 6177.774990
restart 11 5209900 306.182690 6199.496090
restart 16 5590600 329.146954 9169.722681
restart 1 6324400 376.123700 378.387389
restart 11 6414900 377.708480 6277.087808
restart 16 6448600 379.018298 9216.935485
restart 12 6628400 389.596733 6871.584206
restart 2 6956000 408.970877 1000.263596
restart 1 7155000 422.699933 424.953699
restart 9 7567400 444.854199 5170.319141
restart 16 7754000 455.997145 9293.914332
restart 16 7818700 459.577164 9298.391743
restart 2 8458900 497.144329 1088.501164
restart 5 9070100 535.046306 2899.876594
restart 14 9226000 542.344635 8201.767658
restart 9 9389900 551.821393 5267.157338
restart 3 9820300 577.739648 1758.316662
restart 9 9992500 589.032265 5315.430626
