restart 8 750200 44.186546 4126.211465
restart 6 1135500 66.350547 2985.115250
restart 4 2612300 152.364660 1903.652487
restart 11 3603200 210.829493 6067.781555
restart 9 4358800 253.732699 4918.495365
restart 16 6052400 352.333641 9096.927473
restart 2 6559100 381.430386 966.624276
restart 16 6845700 398.247009 9142.701438
restart 6 7832100 455.831355 3372.144147
restart 1 8239500 480.050005 482.296287
restart 14 8428800 490.159849 8069.794113
restart 4 8501200 495.348056 2248.271483
restart 5 8607800 501.413383 2838.830515
restart 14 9724400 566.756271 8161.236126
restart 4 9763400 568.723923 2319.510136
