restart 4 863900 51.216252 1823.756487
restart 14 1321200 77.530156 7676.335023
restart 7 1565500 90.624507 3564.701748
restart 11 1624900 95.011031 5940.916964
restart 10 2556400 149.312980 5412.660782
restart 11 2589800 149.507878 5938.418505
restart 15 2620800 151.818981 8255.390603
restart 6 2816200 162.792999 3058.537009
restart 14 4382200 253.431912 7785.563640
restart 5 6567100 382.995663 2722.683936
restart 3 6616300 382.135851 1541.739456
restart 12 6685600 389.987703 6818.995218
restart 14 6718600 388.037720 7915.489420
restart 10 7151800 413.277453 5624.668007
restart 7 7199300 416.602030 3899.681446
restart 9 7369900 427.292579 5074.996143
