restart 16 115600 6.965528 8733.972175
restart 8 540200 31.860483 4098.987256
restart 1 1050500 61.520983 63.768925
restart 14 3723300 218.199384 7844.232566
restart 1 3946800 229.022230 231.266429
restart 5 4002200 233.417996 2569.934158
restart 3 4189400 243.746286 1412.387279
restart 15 5240300 310.150688 8602.227450
restart 12 5843300 339.769524 6747.810351
restart 10 6794900 395.323914 5643.629327
restart 12 7032800 408.961331 6804.776268
restart 16 7707700 448.279210 9193.661150
restart 7 9621000 560.575441 4064.150092
