restart 14 536200 32.793619 7940.992908
restart 13 752900 46.173672 7358.091280
restart 9 2235500 136.181179 5016.650279
restart 8 3344100 203.174606 4460.855700
restart 13 3698100 224.540692 7526.534030
restart 6 4966000 301.437538 3343.353367
restart 4 5470800 335.806786 2185.354597
restart 14 6317300 383.288303 8287.899603
restart 6 6431000 390.600227 3432.649159
restart 5 6857300 416.290550 2851.958677
restart 1 6966500 422.705942 424.968677
restart 8 7304500 444.541152 4713.548299
restart 14 7714100 468.226989 8381.277045
restart 16 7858800 477.285714 9605.241309
restart 8 8445200 513.042056 4775.597065
restart 5 8471500 514.306868 2948.294754
restart 14 9050000 548.848588 8453.608049
