restart 14 121600 7.670423 7698.290912
restart 1 222700 13.572976 15.819088
restart 13 287300 17.367749 7248.593426
restart 12 360600 21.855128 6535.731693
restart 2 468300 28.009774 627.255166
restart 14 695500 42.103925 7884.106687
restart 14 758900 44.876951 7742.854852
restart 14 892300 53.199153 7757.542153
restart 12 943200 56.605961 6628.779266
restart 4 1066200 63.433284 1848.616753
restart 15 1134900 67.344429 8357.353385
restart 10 1198400 70.800013 5395.779570
restart 5 1315000 77.879778 2445.807295
restart 5 1739800 102.676404 2471.127090
restart 6 1884100 111.515406 3071.013015
restart 6 2038300 122.671048 3134.115197
restart 5 2346700 140.009412 2530.907015
restart 10 2742900 162.251231 5487.336913
restart 11 2882500 170.597229 6088.751361
restart 3 3564500 210.626365 1395.682950
restart 1 3997600 236.036711 238.307462
restart 1 4759300 281.876179 284.130431
restart 14 5812900 346.802172 8113.536055
restart 8 6026000 355.801471 4498.389220
restart 14 6208300 366.399238 8057.416707
restart 4 6228800 369.119077 2152.936205
restart 15 6727000 397.062940 8682.394170
restart 8 6805700 401.876299 4545.434609
restart 6 7177800 423.685302 3383.258867
restart 16 7676600 457.565186 9417.607926
restart 11 8072600 476.729179 6393.584359
restart 16 8090700 477.975387 9367.510137
restart 4 8346400 502.446016 2312.962175
restart 1 9080100 541.591627 543.857762
restart 4 9122300 544.026305 2337.938094
