restart 13 27400 1.782922 7152.524913
restart 10 771200 46.558791 5425.711718
restart 9 1897900 113.260887 4895.290587
restart 11 2306900 137.883389 6112.603463
restart 14 2365100 141.174476 7899.092699
restart 7 2429900 144.793694 3731.241017
restart 11 2459400 146.155813 6103.867894
restart 15 2807100 167.637569 8537.876609
restart 14 3077700 183.010325 7927.834192
restart 15 4176000 248.341396 8588.247788
restart 10 5534000 329.150582 5691.406846
restart 5 6104600 363.014212 2747.501935
restart 10 6513200 387.379711 5749.785830
restart 14 7422700 441.422834 8185.555527
restart 6 7699800 457.469765 3439.586633
restart 14 8190000 487.188979 8240.350756
