restart 9 363200 22.240142 4844.759617
restart 15 410600 25.216051 8452.549463
restart 7 537400 32.537490 3660.480144
restart 1 1151300 69.813029 72.058800
restart 13 1752200 105.665112 7329.657657
restart 13 3309400 198.733693 7422.842982
restart 12 3488000 209.594914 6834.158607
restart 10 4492500 270.167516 5688.707088
restart 13 5152400 309.761705 7532.974493
restart 15 6701800 403.896828 8852.654312
restart 7 8527500 517.205017 4165.918353
restart 16 8588500 518.306798 9592.065622
restart 9 9986000 599.806051 5416.684382
