restart 7 377500 22.154597 3529.849153
restart 8 986000 57.559817 4140.888396
restart 4 1438900 83.725485 1834.593317
restart 14 1780500 104.169634 7690.917416
restart 15 2669900 155.662845 8337.368503
restart 11 3446300 200.593402 6031.411826
restart 11 3931100 229.088018 6059.957894
restart 12 4017700 233.730331 6647.292284
restart 14 4801500 279.672890 7859.128283
restart 10 5546300 323.595975 5586.072607
restart 8 5678200 330.286019 4412.807088
restart 6 5811600 338.402916 3255.479622
restart 7 5881700 345.901373 3879.931488
restart 9 6123100 357.333786 5033.506851
restart 11 6275700 372.387841 6318.578500
restart 15 6983000 407.405197 8589.328806
restart 2 7886800 459.618495 1045.938816
restart 15 7949600 462.280681 8625.028238
restart 5 9278100 550.306017 2930.000336
