restart 1 322500 19.958508 22.206107
restart 8 451400 27.758329 4267.148337
restart 4 813500 49.405055 1863.298365
restart 8 882900 53.682961 4288.701592
restart 10 1817600 109.641833 5546.797825
restart 9 1824000 110.288413 4945.157461
restart 7 1984700 120.081615 3751.852707
restart 11 2535800 153.029731 6194.195739
restart 10 2705700 163.916412 5623.677993
restart 15 2946400 177.713560 8633.977647
restart 14 4358500 262.874887 8120.633550
restart 7 4367500 263.282068 3889.010524
restart 5 4847300 292.298274 2711.657900
restart 8 5661600 341.605230 4574.209915
restart 2 6050600 365.288881 972.056794
restart 5 6319400 381.679165 2805.684402
restart 5 6322100 381.839654 2803.065536
restart 8 6379400 384.333663 4613.530543
restart 1 6562000 396.833695 399.074509
restart 2 7515500 453.016909 1059.145877
restart 5 8646500 522.685373 2948.264066
restart 1 9112900 551.316483 553.562230
restart 3 9469800 570.473576 1780.406123
restart 12 9561500 577.069252 7228.585091
restart 8 9796000 590.901354 4824.849368
