restart 15 3600 0.565632 7930.115093
restart 6 145200 8.484884 2846.658306
restart 10 497200 28.239270 5126.252893
restart 13 695900 39.665208 6847.325357
restart 14 951600 54.313808 7429.668379
restart 9 1356100 76.808376 4608.632221
restart 2 3384300 191.459697 759.960184
restart 12 3782900 214.128343 6445.771582
restart 13 3875200 223.531601 7156.199420
restart 13 3992700 226.245245 7035.637011
restart 11 4761400 270.063103 5948.622051
restart 2 4872300 275.621603 844.112475
restart 2 5770400 326.431448 894.876499
restart 11 5860100 331.535782 5995.842898
restart 11 6025300 341.634476 6013.429412
restart 7 6097700 344.513242 3745.504356
restart 12 6129800 346.632451 6585.987478
restart 7 7717000 440.668320 3876.011944
restart 10 8804700 497.626271 5597.320098
restart 15 8903200 503.242397 8432.791859
restart 2 9288800 524.696791 1093.187663
restart 3 9715100 549.633482 1686.016863
