restart 13 34900 2.385415 3599.031832
restart 16 43600 2.982170 4499.246601
restart 5 52900 3.612785 1215.950995
restart 11 68200 4.174369 3002.940607
restart 2 74400 4.770001 307.158122
restart 9 86900 5.416738 2427.747607
restart 9 100900 6.564793 2405.758527
restart 9 117200 7.156595 2406.484673
restart 13 158900 9.550232 3610.899735
restart 15 209500 12.569380 4223.347805
restart 1 275300 16.773624 19.041969
restart 6 282300 17.328142 1521.132439
restart 15 309400 18.501290 4219.360797
restart 4 324200 19.676232 920.555412
restart 14 388900 23.352285 3936.791926
restart 3 389600 23.273257 625.432779
restart 14 421200 26.117564 3997.191535
restart 2 446900 26.924837 329.891675
restart 7 477800 28.711348 1834.244796
restart 11 535200 32.228174 3034.494538
restart 2 548200 32.791872 334.630006
restart 9 549400 32.823687 2434.481799
restart 7 568900 34.001055 1834.550152
restart 5 570600 34.580252 1235.046219
restart 3 585000 35.271762 638.530003
restart 5 628800 37.567400 1240.461751
restart 13 642000 38.808969 3639.659995
restart 6 644300 38.841180 1542.347136
restart 15 654500 39.351915 4236.204147
restart 11 657800 39.477813 3039.666389
restart 11 714500 42.928313 3040.376422
restart 4 731200 44.121451 945.147734
restart 6 745600 44.745279 1545.794570
restart 2 751600 45.435381 348.208147
restart 11 758200 45.391504 3049.000750
restart 12 761600 45.974860 3349.644872
restart 6 806400 48.526508 1556.055175
restart 3 867000 51.870816 653.219697
restart 8 872800 52.468687 2151.407732
restart 7 875600 52.530035 1854.161660
restart 16 907000 54.254349 4549.825352
restart 5 910100 54.919937 1256.570515
restart 8 930300 56.044639 2156.143775
restart 11 949900 56.641339 3054.329764
restart 10 972500 58.519088 2756.948519
restart 7 987800 59.059989 1860.452905
restart 3 1001000 60.776814 664.294711
restart 6 1005800 60.271515 1560.779017
restart 9 1027100 61.548938 2463.122800
restart 1 1151700 69.781485 72.050346
restart 2 1167700 69.872776 372.373657
restart 16 1168400 69.840237 4570.969520
restart 15 1170300 70.356413 4266.305940
restart 3 1267200 75.718087 677.770307
restart 8 1321100 79.301919 2178.939901
restart 4 1374100 83.829820 995.910595
restart 14 1422500 85.435301 3990.200315
restart 15 1425800 85.258505 4282.350631
restart 1 1450100 87.360567 89.611839
restart 16 1455800 87.049286 4582.326233
restart 14 1480800 89.076063 3995.594228
restart 11 1533700 91.868860 3091.169547
restart 3 1560500 93.601537 694.992762
restart 3 1627900 97.404352 699.687885
restart 12 1704700 102.054394 3402.464073
restart 11 1740700 104.333996 3105.493467
restart 16 1767000 105.549228 4601.825436
restart 16 1789900 107.067884 4615.996134
restart 6 1790400 107.325723 1607.426358
restart 4 1795300 107.676675 1011.846928
restart 10 1798000 109.807869 2870.038624
restart 6 1804000 108.411376 1615.490284
restart 13 1812400 108.686088 3711.803531
restart 7 1828500 109.116361 1908.901958
restart 5 1844500 110.299974 1310.755893
restart 11 1891500 113.283023 3113.451100
restart 9 1921600 115.072341 2513.663504
restart 5 1944600 116.264921 1318.566979
restart 4 1945300 116.388629 1018.731489
restart 2 1966100 117.455588 419.279791
restart 15 2028800 121.361024 4328.158774
restart 5 2076300 124.081382 1325.356507
restart 6 2100900 125.830933 1626.344657
restart 10 2103300 129.587365 2907.686219
restart 14 2106900 127.038364 4061.105199
restart 7 2137900 128.176665 1936.012519
restart 14 2157200 128.835617 4040.831639
restart 4 2188800 130.574922 1031.547824
restart 15 2188900 130.617856 4328.966505
restart 13 2203100 131.774184 3728.817749
restart 4 2255900 134.828067 1036.570644
restart 2 2264800 135.354355 437.184899
restart 14 2267900 135.674449 4041.676971
restart 9 2287100 136.536014 2536.737340
restart 11 2310900 138.321173 3136.035298
restart 7 2327500 138.919197 1938.700596
restart 1 2330200 139.558353 141.822445
restart 9 2434800 145.480487 2543.936197
restart 1 2438400 145.634641 147.899868
restart 4 2453700 146.683056 1047.678603
restart 6 2467800 150.199302 1678.657817
restart 2 2479100 148.180854 450.296568
restart 7 2481200 148.454239 1947.945266
restart 8 2551400 152.634291 2251.716421
restart 12 2572200 153.838706 3451.265021
restart 16 2572500 153.818631 4650.737769
restart 9 2579900 155.326853 2573.641562
restart 9 2638200 157.461600 2557.503601
restart 1 2657200 158.846290 161.101436
restart 6 2664300 159.415849 1661.124948
restart 16 2670200 163.512968 4762.658310
restart 7 2684400 160.838876 1965.890567
restart 8 2788100 166.395776 2265.986502
restart 8 2813900 168.139230 2267.384262
restart 5 2816300 168.447281 1371.398749
restart 4 2846000 169.938493 1070.952443
restart 8 2851200 170.815454 2273.472879
restart 13 2858900 170.930395 3776.104103
restart 5 2882500 173.127810 1378.336342
restart 2 2901300 173.501637 475.337761
restart 13 2913400 174.137218 3771.959647
restart 4 2913900 174.294888 1078.121279
restart 4 2943600 175.886218 1076.849615
restart 15 3013900 180.056940 4376.016419
restart 2 3031400 182.086070 485.325883
restart 13 3068200 183.736589 3793.546671
restart 5 3139700 187.392139 1388.326002
restart 5 3147400 187.833753 1388.493184
restart 16 3153200 188.417291 4684.404868
restart 2 3159400 188.403880 490.218032
restart 13 3165600 189.667523 3796.793881
restart 7 3173700 189.696916 1990.950693
restart 12 3199000 190.833349 3488.804127
restart 16 3212100 192.655157 4702.806700
restart 15 3226100 192.950280 4397.356801
restart 6 3264600 200.841070 1739.295654
restart 11 3293600 196.752065 3195.504791
restart 12 3325700 198.564828 3495.951718
restart 5 3340700 199.932133 1401.531304
restart 2 3344100 199.735635 501.531914
restart 12 3452900 206.665750 3510.183097
restart 13 3508500 209.303900 3806.881522
restart 16 3531700 213.109016 4744.233754
restart 7 3547300 212.074293 2015.321201
restart 14 3604000 215.230916 4111.337096
restart 15 3639700 217.019280 4413.000212
restart 2 3736600 223.065027 524.955790
restart 12 3748900 224.133209 3530.185167
restart 8 3795900 226.552108 2325.555459
restart 15 3799600 227.276862 4437.959799
restart 9 3855100 231.036138 2632.594387
restart 13 3894200 232.738312 3833.589338
restart 5 3911100 233.737753 1435.822958
restart 10 3931400 237.383252 2963.193969
restart 4 3937200 234.939450 1136.079020
restart 2 3975200 239.635062 544.119705
restart 2 3992200 239.356950 542.120823
restart 12 4116100 245.671660 3543.801630
restart 2 4126000 246.235405 548.040250
restart 4 4139400 246.856230 1148.047815
restart 13 4208900 254.163162 3893.321505
restart 15 4219800 254.471474 4494.724571
restart 10 4304300 256.989104 2955.703654
restart 11 4312900 257.577947 3255.931031
restart 5 4320700 258.159108 1458.894354
restart 5 4322600 258.838440 1462.601203
restart 10 4334700 258.756581 2957.077322
restart 3 4353900 259.947406 861.342543
restart 2 4355700 260.038790 561.929552
restart 5 4377300 261.255128 1461.898898
restart 8 4388300 263.138185 2365.898507
restart 12 4443400 265.955199 3571.900320
restart 9 4500900 270.235753 2679.501396
restart 11 4532200 270.707746 3276.143231
restart 10 4546600 271.299545 2969.710891
restart 11 4596800 276.971253 3303.790133
restart 4 4599700 274.255266 1175.146479
restart 11 4630600 282.143192 3336.183907
restart 2 4633200 276.863588 579.122194
restart 12 4829600 287.964572 3585.178313
restart 6 4831100 288.590507 1788.748803
restart 5 4852100 289.792785 1490.735478
restart 9 4904900 292.735580 2691.414354
restart 3 4942800 295.442559 897.521466
restart 6 4950500 295.752086 1795.925214
