restart 4 11400 1.196907 905.484128
restart 4 64500 4.204428 912.636111
restart 2 76000 4.832972 310.518505
restart 15 91500 6.034833 4255.291713
restart 14 100000 6.100880 3992.816732
restart 8 155700 9.573054 2115.988160
restart 16 243300 14.957367 4525.425002
restart 4 304100 18.547102 922.448793
restart 10 319000 19.145438 2726.472311
restart 4 352900 21.544229 925.998943
restart 4 451900 27.696505 936.719603
restart 4 504600 31.074814 948.460705
restart 12 550300 33.581579 3350.898660
restart 11 557200 33.533693 3045.109839
restart 7 585200 35.463217 1850.094483
restart 8 634400 38.652483 2163.275221
restart 9 638400 38.335384 2447.671030
restart 11 703700 42.764082 3056.321612
restart 7 739600 44.379375 1850.965249
restart 15 821700 49.658515 4260.248191
restart 8 853400 51.533866 2161.809050
restart 15 855800 51.487702 4265.557541
restart 12 906400 54.612812 3373.398604
restart 7 987700 59.247525 1865.428989
restart 12 1030200 62.212964 3370.223152
restart 9 1081200 65.849744 2494.980273
restart 2 1093700 65.814220 368.660344
restart 1 1149900 69.218689 71.483959
restart 3 1211300 73.217686 678.585641
restart 15 1296600 77.799946 4289.955501
restart 14 1301600 78.418079 3991.340395
restart 16 1408300 84.356585 4595.135633
restart 8 1467500 87.948192 2194.441809
restart 9 1526000 91.537551 2498.414196
restart 6 1605100 97.256208 1616.275249
restart 7 1626700 98.842000 1927.544002
restart 9 1661500 100.162165 2509.535439
restart 16 1694500 102.694093 4656.947595
restart 14 1700600 102.574764 4022.853714
restart 6 1769100 106.118430 1614.058476
restart 8 1771600 106.491874 2212.863299
restart 11 1844000 110.926241 3125.553668
restart 7 1986300 119.514060 1932.700947
restart 5 2008900 120.262106 1325.081956
restart 3 2083800 125.322114 730.450844
restart 11 2135700 128.021188 3136.393784
restart 5 2355100 141.683352 1350.647452
restart 3 2381000 143.335811 748.457227
restart 1 2431900 146.038235 148.292041
restart 13 2458900 147.168092 3755.863637
restart 1 2466300 148.245684 150.515446
restart 10 2500000 149.605475 2858.055054
restart 4 2523200 151.363373 1055.345595
restart 9 2574300 154.353661 2560.965798
restart 16 2588400 157.948311 4746.441904
restart 15 2602800 156.821917 4384.821895
restart 13 2628900 157.484755 3770.319735
restart 1 2681900 161.180958 163.433599
restart 14 2764500 165.704945 4074.914353
restart 3 2787200 166.911185 770.477218
restart 4 2837400 170.157559 1076.684657
restart 16 2876500 172.506217 4687.500837
restart 11 2884300 172.881034 3180.299006
restart 7 2897900 178.788384 2038.754530
restart 1 2937500 176.372602 178.629961
restart 5 2966900 177.701007 1382.520857
restart 7 3012400 180.993131 1990.230458
restart 5 3019700 180.661171 1385.291447
restart 2 3058400 183.225308 486.450392
restart 3 3064100 184.002514 788.716541
restart 11 3236900 194.119438 3207.471618
restart 9 3248600 194.438152 2601.198675
restart 14 3274200 196.228321 4105.530912
restart 5 3298600 201.321383 1424.772475
restart 2 3335700 200.128582 503.560393
restart 9 3432700 206.291466 2619.618246
restart 11 3480700 209.800648 3231.495741
restart 1 3634600 218.435095 220.715185
restart 10 3842800 232.545076 2962.052114
restart 9 3893100 237.952993 2691.869917
restart 1 3896500 235.037052 237.303538
restart 13 4033400 242.645879 3866.093392
restart 15 4064900 245.875939 4495.514017
restart 3 4087800 245.807078 852.055600
restart 14 4088200 245.310659 4166.097228
restart 14 4097400 245.309698 4155.466263
restart 16 4110100 246.870431 4763.763416
restart 16 4134900 247.675228 4758.710157
restart 8 4172800 250.351678 2356.646815
restart 4 4203700 251.856830 1157.446551
restart 9 4244200 254.313097 2661.811279
restart 2 4272000 256.463767 559.272310
restart 3 4340600 260.237171 863.892093
restart 14 4390000 265.172467 4207.595215
restart 11 4404800 263.811991 3271.466575
restart 12 4451700 266.887841 3576.131407
restart 13 4605300 275.994954 3887.777643
restart 11 4684800 280.639041 3289.437361
restart 4 4739200 283.555806 1187.500699
restart 16 4818400 288.717118 4805.397470
restart 5 4907500 293.918591 1499.553765
