restart 1 1104400 65.783606 68.038975
restart 4 1194900 71.147752 967.096966
restart 13 1542200 91.872581 3667.410715
restart 4 1596700 94.711560 989.168153
restart 5 1703900 101.233279 1293.136050
restart 6 1940800 116.566008 1620.205226
restart 6 2501800 148.587643 1637.827485
restart 9 2921100 173.865821 2561.160290
restart 12 3026600 182.934406 3521.041353
restart 13 3148000 186.748876 3763.193748
restart 14 3223700 191.548122 4065.865625
restart 12 3792400 224.945112 3498.542758
restart 9 3793400 225.327202 2610.743063
restart 2 4559700 269.972486 569.677220
restart 8 4928900 292.010969 2377.019248
