restart 5 628800 37.659793 1241.642700
restart 2 751600 45.460132 347.494213
restart 7 987800 59.178276 1863.310400
restart 3 1267200 76.674679 685.649430
restart 16 1789900 106.751909 4603.547987
restart 6 1804000 108.115349 1611.525941
restart 9 2579900 154.379393 2561.560709
restart 12 3199000 192.669750 3520.044178
restart 12 3325700 198.749631 3505.554525
restart 8 3795900 227.002722 2330.341789
restart 10 4304300 256.981759 2955.227937
restart 12 4443400 265.321959 3562.454715
restart 6 4831100 291.411352 1804.048630
