restart 10 145400 8.658697 2621.092942
restart 13 153200 9.271994 3509.939038
restart 15 693500 40.461848 4109.141840
restart 8 1364300 79.117008 2112.749082
restart 1 2093600 122.453234 124.723903
restart 8 2635600 153.093634 2194.415853
restart 8 2747300 160.311722 2213.503874
restart 5 3120200 180.692762 1343.181274
restart 8 3467500 202.265272 2255.985531
restart 10 3521600 204.084863 2821.624680
restart 7 3951800 228.638668 1971.582484
restart 9 4684300 271.050930 2596.962254
restart 7 4760500 278.019575 2036.975313
