restart 14 136600 8.261877 3864.520966
restart 1 222700 13.612054 15.856624
restart 15 597000 35.489437 4197.312717
restart 11 668300 39.631688 3013.336764
restart 14 760700 45.439427 3905.068102
restart 5 829600 48.978126 1237.132156
restart 11 988500 58.416141 3025.029863
restart 10 994600 59.005758 2729.126093
restart 4 1091400 64.970256 957.634159
restart 7 1906700 114.941521 1931.052302
restart 11 1940900 117.310937 3141.600415
restart 9 2700300 159.908229 2535.466138
restart 8 2760100 165.035087 2262.282214
restart 7 3089700 182.315465 1963.067974
restart 8 3559900 211.884056 2303.680286
restart 15 3865600 228.740514 4413.389150
restart 15 3965500 234.476181 4390.958717
restart 1 3997600 236.027868 238.277301
restart 6 4195100 247.826831 1733.262971
restart 14 4293000 253.713128 4109.535498
restart 3 4519900 266.679284 861.778588
restart 1 4759300 280.879368 283.127568
restart 10 4813300 284.403404 2954.606142
