restart 9 430400 25.344315 2342.920028
restart 11 454300 26.499193 2923.243340
restart 6 703100 40.101215 1461.363308
restart 6 908300 51.397269 1472.763645
restart 10 1227600 70.174991 2652.667531
restart 3 1235500 70.036114 639.948724
restart 6 1904000 109.998232 1558.797569
restart 15 2052600 118.626876 4171.954674
restart 8 3503900 199.147182 2194.618347
restart 10 3932700 223.538178 2789.206740
restart 9 4311900 243.986590 2516.732498
restart 7 4572000 259.531761 1966.747259
restart 4 4648900 265.447692 1127.832602
restart 11 4974400 281.583711 3125.042035
