restart 10 24700 1.763777 2661.283656
restart 13 374900 22.526987 3601.723687
restart 8 683200 40.546366 2109.315677
restart 5 1313800 77.606546 1261.256090
restart 6 1334600 78.859436 1559.943485
restart 13 1552800 91.678416 3636.929162
restart 9 1725700 101.665950 2465.911938
restart 15 1796700 105.769266 4241.071694
restart 16 2184500 128.891598 4566.611554
restart 2 2866100 169.156687 467.506854
restart 6 3031900 178.634632 1657.036805
restart 2 3056500 180.274257 478.613994
restart 5 3501000 206.769056 1392.971917
restart 7 3687500 216.850111 1990.829471
restart 5 3894300 229.208181 1412.583165
restart 13 4386400 257.953787 3802.954003
