restart 16 385700 23.082338 4485.279650
restart 16 916300 54.445594 4516.677038
restart 14 958300 56.816974 3924.964787
restart 12 1052500 63.357393 3368.075312
restart 3 1205000 71.610807 668.612220
restart 6 1403700 83.852466 1573.027817
restart 8 2221200 132.283267 2220.764630
restart 3 2406800 142.620212 739.528572
restart 12 2496500 147.984607 3421.808585
restart 7 2835300 168.307786 1956.862807
restart 10 2989200 177.041253 2857.080850
restart 3 3411600 204.621465 807.010557
restart 3 3472500 206.893743 806.594296
restart 6 3832800 227.264522 1722.189930
restart 14 4239100 250.917258 4118.548675
restart 4 4802300 285.449136 1181.548739
