restart 11 533100 31.844589 2996.721022
restart 5 1473700 87.273609 1275.439491
restart 4 1758000 103.920387 995.954243
restart 3 2078600 122.642512 717.412182
restart 13 2080900 123.252663 3681.159161
restart 6 2276600 134.460183 1619.877806
restart 14 2304700 136.345853 3994.150448
restart 11 2453000 145.265864 3114.167076
restart 16 3048200 179.913401 4627.478374
restart 3 3266100 192.826345 787.593448
restart 1 4061400 240.445284 242.693051
restart 16 4185800 247.073219 4693.191472
restart 3 4889700 291.191643 892.931218
