restart 16 79300 4.639927 4376.169894
restart 3 157600 9.271273 593.800236
restart 7 246800 14.481588 1762.991978
restart 11 296500 17.545604 2954.609015
restart 8 335800 19.697551 2059.474011
restart 4 1195400 69.615974 945.720928
restart 11 2237800 129.784750 3050.140171
restart 7 2610000 152.668425 1914.060418
restart 10 2677800 155.261382 2777.221382
restart 14 2693900 156.434221 3943.447613
restart 13 2744300 159.353736 3655.245330
restart 14 3705600 215.098208 4004.592164
restart 9 3729200 216.299652 2549.113501
restart 11 4085200 236.990350 3151.404218
restart 11 4306000 249.655600 3162.482530
restart 14 4974400 288.458062 4074.254840
