restart 2 39600 2.415925 308.079162
restart 9 1190400 72.361967 2497.554585
restart 4 1281900 77.785874 988.165508
restart 14 1450200 88.524314 4049.074679
restart 14 1554800 93.967695 4031.862599
restart 14 1648900 99.477213 4039.170319
restart 11 2191500 133.405731 3180.148158
restart 5 2227800 134.340476 1347.065850
restart 15 2460000 148.171586 4386.376058
restart 11 2742700 166.015509 3201.117531
restart 16 2863200 172.884202 4715.203357
restart 16 3111800 187.923591 4728.958558
restart 13 3159900 190.335457 3823.621247
restart 4 3219700 194.439499 1105.575755
restart 12 3415800 206.010301 3536.967165
restart 1 3454000 208.770953 211.038253
restart 8 3527600 214.039809 2347.023519
restart 13 3718200 224.358876 3863.256845
restart 8 3992500 242.849254 2365.625317
restart 11 4267900 257.167822 3284.819133
restart 1 4760500 287.698969 289.952633
restart 12 4834000 292.206137 3629.701887
