restart 16 280700 17.471740 4559.302713
restart 4 312300 19.279663 929.637041
restart 1 322500 19.889668 22.130468
restart 6 901200 54.827786 1570.540104
restart 4 1147200 69.281072 979.473567
restart 16 1260800 76.623725 4625.469489
restart 9 1971100 119.467649 2546.976635
restart 4 2143800 129.881784 1042.660341
restart 6 2147700 130.811683 1661.953722
restart 10 2550200 154.209766 2879.978511
restart 5 2613400 158.004011 1372.047375
restart 8 2879000 175.239011 2316.102516
restart 6 2911600 175.892076 1695.509110
restart 2 3016600 181.932124 487.219869
restart 11 3615000 220.283071 3278.152619
restart 12 3734200 225.360145 3557.209795
restart 9 4298800 259.602601 2687.902470
restart 5 4545600 274.105368 1486.821156
restart 16 4832200 291.582904 4833.568354
