restart 5 532000 31.731451 1215.014521
restart 9 1041500 61.811855 2430.427696
restart 3 1137000 67.083699 660.671522
restart 9 1152200 68.341225 2438.804747
restart 8 1240700 74.126549 2158.480608
restart 13 1473200 87.005027 3633.583402
restart 7 2327300 138.419452 1930.515616
restart 16 2420200 144.238431 4619.017548
restart 2 2679100 157.479580 455.175725
restart 1 2701500 159.276706 161.524523
restart 11 3269500 195.941528 3207.597817
restart 16 3272200 192.777334 4624.536642
restart 15 3359600 197.442947 4334.358924
restart 16 3869900 228.117433 4671.758064
restart 2 4100800 246.258350 548.813983
restart 11 4466700 263.595622 3229.139462
restart 12 4802600 283.260116 3541.283442
